J0022+0031 0.49135 0.02540 80.8 1.3 0.027 0.003 0.457 0.23 0.02 0.28 0.02 0 0 0 2.32 0.12 -22.79
J0022-1014 0.07989 0.00300 145.6 5.6 0.026 0.004 0.375 0.20 0.02 0.25 0.02 6 0.616 0.65 0.03 -22.55
J0056-0611 0.04338 0.00002 376.9 2.4 0.241 0.005 0.174 0.46 0.02 0.61 0.03 6 0.120 0.45 0.01 -22.06
J0106-1000 0.02715 0.00002 395.2 3.6 0.174 0.005 0.191 0.39 0.02 0.51 0.03 6 0.036 0.32 0.01 -22.61
J0112+1835 0.14698 0.00003 295.3 2.0 0.392 0.008 0.161 0.62 0.03 0.85 0.04 6 2.650 1.08 0.02 -22.41
J0152+0749 0.32288 0.00014 217.0 2.0 0.342 0.010 0.168 0.57 0.03 0.78 0.04 0 0 0 1.79 0.04 -22.81
J0345+1748 0.23503 0.00013 273.4 0.5 0.498 0.003 0.220 0.81 0.03 0.72 0.01a 6 5.742 1.62 0.02 -21.97
J0651+2844 0.00886 0.00001 616.9 5.0 0.215 0.005 0.252 0.49 0.02 0.50 0.04a 6 0.001 0.16 0.01 -21.97
J0730+1703 0.69770 0.05427 122.8 4.3 0.134 0.025 0.183 0.33 0.05 0.42 0.07 0 0 0 2.64 0.26 -23.48
J0745+1949 0.11240 0.00833 108.7 2.9 0.015 0.002 0.164 0.10 0.01 0.12 0.02 6 5.448 0.63 0.06 -22.49
J0751-0141 0.08001 0.00279 432.6 2.3 0.671 0.034 0.194 0.97 0.06 0.97 0.04a 6 0.320 0.82 0.04 -22.77
J0755+4800 0.54627 0.00522 194.5 5.5 0.416 0.039 0.409 0.89 0.07 1.17 0.09 0 0 0 3.07 0.09 -21.75
J0755+4906 0.06302 0.00213 438.0 5.0 0.549 0.037 0.176 0.81 0.06 1.13 0.09 6 0.210 0.66 0.03 -22.64
J0802-0955 0.54687 0.00455 176.5 4.5 0.312 0.026 0.208 0.58 0.05 0.77 0.07 0 0 0 2.60 0.09 -23.01
J0811+0225 0.82194 0.00049 220.7 2.5 0.915 0.032 0.181 1.21 0.06 1.72 0.08 0 0 0 4.12 0.08 -23.17
J0815+2309 1.07357 0.00018 131.7 2.6 0.254 0.015 0.207 0.50 0.04 0.67 0.05 0 0 0 3.94 0.11 -23.43
J0818+3536 0.18315 0.02110 170.0 5.0 0.093 0.019 0.165 0.25 0.04 0.33 0.06 6 9.269 1.02 0.13 -23.48
J0822+2753 0.24400 0.00020 271.1 9.0 0.504 0.051 0.188 0.78 0.08 1.07 0.11 6 7.529 1.62 0.06 -22.16
J0825+1152 0.05819 0.00001 319.4 2.7 0.196 0.005 0.287 0.49 0.02 0.64 0.03 6 0.158 0.58 0.01 -22.45
J0840+1527 0.52155 0.00474 84.8 3.1 0.033 0.004 0.192 0.16 0.02 0.20 0.02 0 0 0 1.92 0.08 -24.19
J0845+1624 0.75599 0.02164 62.2 5.4 0.019 0.005 0.434 0.19 0.03 0.23 0.04 0 0 0 2.99 0.13 -23.12
J0849+0445 0.07870 0.00010 366.9 4.7 0.403 0.016 0.178 0.65 0.04 0.89 0.05 6 0.441 0.73 0.02 -22.38
J0917+4638 0.31642 0.00002 148.8 2.0 0.108 0.004 0.174 0.28 0.02 0.36 0.02 0 0 0 1.50 0.04 -23.33
J0923+3028 0.04495 0.00049 296.0 3.0 0.121 0.005 0.279 0.37 0.02 0.47 0.03 6 0.102 0.46 0.01 -21.58
J1005+0542 0.30560 0.00007 208.9 6.8 0.289 0.028 0.388 0.70 0.05 0.91 0.07 6 7.696 1.96 0.04 -22.38
J1005+3550 0.17652 0.00011 143.0 2.3 0.053 0.003 0.168 0.19 0.02 0.24 0.02 610.448 0.94 0.03 -23.13
J1046-0153 0.39539 0.10836 80.8 6.6 0.022 0.011 0.375 0.19 0.05 0.23 0.06 0 0 0 1.87 0.42 -22.58
J1053+5200 0.04256 0.00002 264.0 2.0 0.081 0.002 0.213 0.26 0.01 0.33 0.02 6 0.147 0.40 0.01 -22.50
J1056+6536 0.04351 0.00103 267.5 7.4 0.086 0.009 0.338 0.34 0.03 0.43 0.04 6 0.085 0.46 0.02 -22.33
J1104+0918 0.55319 0.00502 142.1 6.0 0.164 0.022 0.454 0.55 0.05 0.69 0.07 0 0 0 2.84 0.08 -21.88
J1112+1117 0.17248 0.00001 116.2 2.8 0.028 0.002 0.177 0.14 0.01 0.17 0.02 612.019 0.89 0.03 -22.51
J1141+3850 0.25958 0.00005 265.8 3.5 0.505 0.020 0.177 0.76 0.05 1.06 0.06 6 9.518 1.68 0.04 -23.36
J1151+5858 0.66902 0.00070 175.7 5.9 0.376 0.038 0.183 0.63 0.06 0.85 0.09 0 0 0 3.00 0.11 -23.45
J1157+0546 0.56500 0.01925 158.3 4.9 0.232 0.030 0.186 0.46 0.05 0.61 0.07 0 0 0 2.49 0.15 -23.98
J1233+1602 0.15090 0.00009 336.0 4.0 0.593 0.022 0.169 0.85 0.05 1.19 0.06 6 2.161 1.20 0.03 -23.03
J1234-0228 0.09143 0.00400 94.0 2.3 0.008 0.001 0.229 0.09 0.01 0.11 0.01 6 2.606 0.59 0.03 -22.89
J1238+1946 0.22275 0.00009 258.6 2.5 0.399 0.012 0.210 0.68 0.03 0.92 0.04 6 5.871 1.49 0.03 -23.11
J1422+4352 0.37930 0.01123 176.0 6.0 0.214 0.028 0.174 0.42 0.05 0.56 0.07 0 0 0 1.86 0.11 -23.29
J1436+5010 0.04580 0.00010 347.4 8.9 0.199 0.016 0.233 0.45 0.04 0.59 0.05 6 0.107 0.47 0.01 -22.13
J1439+1002 0.43741 0.00169 174.0 2.0 0.239 0.009 0.185 0.47 0.03 0.62 0.04 0 0 0 2.10 0.06 -22.84
J1443+1509 0.19053 0.02402 306.7 3.0 0.569 0.089 0.200 0.86 0.12 1.19 0.17 6 3.403 1.42 0.18 -22.10
J1512+2615 0.59999 0.02348 115.0 4.0 0.095 0.014 0.251 0.31 0.03 0.39 0.04 0 0 0 2.47 0.14 -22.95
J1518+0658 0.60935 0.00004 172.0 2.0 0.321 0.011 0.224 0.60 0.03 0.81 0.04 0 0 0 2.84 0.06 -22.33
J1538+0252 0.41915 0.00295 227.6 4.9 0.512 0.037 0.168 0.76 0.06 1.06 0.09 0 0 0 2.30 0.08 -22.87
J1557+2823 0.40741 0.00294 131.2 4.2 0.095 0.010 0.461 0.42 0.03 0.52 0.04 0 0 0 2.22 0.05 -21.91
J1625+3632 0.23238 0.03960 58.4 2.7 0.005 0.001 0.210 0.07 0.01 0.09 0.02 0 0 0 1.04 0.16 -23.95
J1630+2712 0.27646 0.00002 218.0 5.0 0.297 0.020 0.171 0.52 0.04 0.70 0.06 0 0 0 1.58 0.05 -23.14
J1630+4233 0.02766 0.00004 295.9 4.9 0.074 0.004 0.307 0.30 0.02 0.38 0.02 6 0.031 0.33 0.01 -22.03
J1741+6526 0.06111 0.00001 508.0 4.0 0.830 0.020 0.170 1.10 0.05 1.57 0.06 6 0.160 0.71 0.01 -22.12
J1840+6423 0.19130 0.00005 272.0 2.0 0.399 0.009 0.183 0.65 0.03 0.89 0.04 6 4.579 1.32 0.03 -22.37
J2103-0027 0.20308 0.00023 281.0 3.2 0.467 0.016 0.162 0.71 0.04 0.98 0.05 6 5.683 1.39 0.03 -22.74
J2119-0018 0.08677 0.00004 383.0 4.0 0.505 0.016 0.160 0.74 0.04 1.04 0.05 6 0.574 0.80 0.02 -22.84
J2132+0754 0.25056 0.00002 297.3 3.0 0.682 0.021 0.177 0.96 0.05 1.34 0.06 6 7.337 1.74 0.03 -22.62
J2236+2232 1.01016 0.00005 119.9 2.0 0.180 0.009 0.182 0.39 0.03 0.51 0.04 0 0 0 3.52 0.10 -22.80
J2338-2052 0.07644 0.00712 133.4 7.5 0.019 0.005 0.263 0.15 0.02 0.18 0.03 6 0.972 0.56 0.05 -22.86
J0900+0234 0 0 24.0 0 0 0 0.167 0 0 0 0 0 0 0 0 0 0 0 0 0 0 0
J1448+1342 0 0 35.0 0 0 0 0.269 0 0 0 0 0 0 0 0 0 0 0 0 0 0 0
J1614+1912 0 0 56.0 0 0 0 0.186 0 0 0 0 0 0 0 0 0 0 0 0 0 0 0
J2228+3623 0 0 28.0 0 0 0 0.153 0 0 0 0 0 0 0 0 0 0 0 0 0 0 0
J2252-0056 0 0 25.0 0 0 0 0.352 0 0 0 0 0 0 0 0 0 0 0 0 0 0 0
J2345-0102 0 0 43.0 0 0 0 0.466 0 0 0 0 0 0 0 0 0 0 0 0 0 0 0
