M2_min P(M2_min)
0 -nan
0.0015 0.0548262
0.003 0.109131
0.0045 0.162976
0.006 0.216373
0.0075 0.269341
0.009 0.321885
0.0105 0.374012
0.012 0.425731
0.0135 0.477048
0.015 0.527969
0.0165 0.578501
0.018 0.62865
0.0195 0.678421
0.021 0.727819
0.0225 0.776851
0.024 0.82552
0.0255 0.873833
0.027 0.921794
0.0285 0.969408
0.03 1.01668
0.0315 1.06361
0.033 1.11021
0.0345 1.15648
0.036 1.20243
0.0375 1.24805
0.039 1.29336
0.0405 1.33836
0.042 1.38305
0.0435 1.42743
0.045 1.47151
0.0465 1.5153
0.048 1.5588
0.0495 1.60196
0.051 1.6449
0.0525 1.68753
0.054 1.72989
0.0555 1.77196
0.057 1.81376
0.0585 1.85529
0.06 1.89655
0.0615 1.93755
0.063 1.97829
0.0645 2.01877
0.066 2.05899
0.0675 2.09896
0.069 2.13869
0.0705 2.17816
0.072 2.21739
0.0735 2.25638
0.075 2.29513
0.0765 2.33364
0.078 2.37191
0.0795 2.40996
0.081 2.44778
0.0825 2.48537
0.084 2.52273
0.0855 2.55987
0.087 2.59679
0.0885 2.6335
0.09 2.66999
0.0915 2.70626
0.093 2.74232
0.0945 2.77818
0.096 2.81382
0.0975 2.84926
0.099 2.8845
0.1005 2.91953
0.102 2.95437
0.1035 2.98901
0.105 3.02345
0.1065 3.05769
0.108 3.09175
0.1095 3.12561
0.111 3.15928
0.1125 3.19277
0.114 3.22607
0.1155 3.25918
0.117 3.29211
0.1185 3.32486
0.12 3.35743
0.1215 3.38982
0.123 3.42209
0.1245 3.45405
0.126 3.48594
0.1275 3.51763
0.129 3.54915
0.1305 3.5805
0.132 3.61168
0.1335 3.6427
0.135 3.67354
0.1365 3.70422
0.138 3.73474
0.1395 3.76509
0.141 3.79528
0.1425 3.82531
0.144 3.85519
0.1455 3.8849
0.147 3.91445
0.1485 3.94385
0.15 3.97309
0.1515 4.00218
0.153 4.03111
0.1545 4.0599
0.156 4.08853
0.1575 4.11701
0.159 4.14534
0.1605 4.17352
0.162 4.20155
0.1635 4.22944
0.165 4.25717
0.1665 4.28471
0.168 4.31226
0.1695 4.33952
0.171 4.36669
0.1725 4.39371
0.174 4.42058
0.1755 4.44732
0.177 4.47392
0.1785 4.50038
0.18 4.5267
0.1815 4.55288
0.183 4.57892
0.1845 4.60483
0.186 4.6306
0.1875 4.65623
0.189 4.68173
0.1905 4.70709
0.192 4.73232
0.1935 4.75742
0.195 4.78238
0.1965 4.80721
0.198 4.83191
0.1995 4.85648
0.201 4.88091
0.2025 4.90521
0.204 4.92939
0.2055 4.95345
0.207 4.97728
0.2085 5.00113
0.21 5.02478
0.2115 5.0483
0.213 5.0717
0.2145 5.09497
0.216 5.11811
0.2175 5.14112
0.219 5.164
0.2205 5.18676
0.222 5.20939
0.2235 5.23189
0.225 5.25426
0.2265 5.27651
0.228 5.29864
0.2295 5.32063
0.231 5.3425
0.2325 5.36425
0.234 5.38579
0.2355 5.40737
0.237 5.42882
0.2385 5.44998
0.24 5.4711
0.2415 5.49209
0.243 5.51296
0.2445 5.5337
0.246 5.55432
0.2475 5.57482
0.249 5.59519
0.2505 5.61544
0.252 5.63556
0.2535 5.65556
0.255 5.67543
0.2565 5.69518
0.258 5.7148
0.2595 5.7343
0.261 5.75368
0.2625 5.77293
0.264 5.79206
0.2655 5.81106
0.267 5.82993
0.2685 5.84868
0.27 5.86731
0.2715 5.88583
0.273 5.90409
0.2745 5.92243
0.276 5.94055
0.2775 5.95855
0.279 5.97642
0.2805 5.99417
0.282 6.01178
0.2835 6.02927
0.285 6.04664
0.2865 6.06387
0.288 6.08098
0.2895 6.09796
0.291 6.11481
0.2925 6.13153
0.294 6.14813
0.2955 6.16459
0.297 6.18093
0.2985 6.19714
0.3 6.21321
0.3015 6.22916
0.303 6.24498
0.3045 6.26066
0.306 6.27622
0.3075 6.29164
0.309 6.30693
0.3105 6.3221
0.312 6.3371
0.3135 6.3521
0.315 6.36678
0.3165 6.38141
0.318 6.39591
0.3195 6.41027
0.321 6.4245
0.3225 6.43859
0.324 6.45255
0.3255 6.46637
0.327 6.48006
0.3285 6.49361
0.33 6.50702
0.3315 6.5203
0.333 6.53344
0.3345 6.54644
0.336 6.5593
0.3375 6.57202
0.339 6.58461
0.3405 6.59705
0.342 6.60936
0.3435 6.62152
0.345 6.63354
0.3465 6.64548
0.348 6.65714
0.3495 6.66866
0.351 6.6802
0.3525 6.69151
0.354 6.70267
0.3555 6.71369
0.357 6.72456
0.3585 6.73528
0.36 6.74586
0.3615 6.75629
0.363 6.76658
0.3645 6.77672
0.366 6.7867
0.3675 6.79654
0.369 6.80612
0.3705 6.81573
0.372 6.82519
0.3735 6.8345
0.375 6.84349
0.3765 6.85242
0.378 6.86121
0.3795 6.86983
0.381 6.87831
0.3825 6.88663
0.384 6.8948
0.3855 6.90281
0.387 6.91067
0.3885 6.91837
0.39 6.92592
0.3915 6.93331
0.393 6.94054
0.3945 6.94761
0.396 6.95453
0.3975 6.96128
0.399 6.9678
0.4005 6.97432
0.402 6.98059
0.4035 6.98681
0.405 6.99266
0.4065 6.99834
0.408 7.00408
0.4095 7.00954
0.411 7.01485
0.4125 7.01998
0.414 7.02496
0.4155 7.02976
0.417 7.03441
0.4185 7.03888
0.42 7.04319
0.4215 7.04733
0.423 7.05131
0.4245 7.05512
0.426 7.05875
0.4275 7.06222
0.429 7.06552
0.4305 7.06865
0.432 7.07161
0.4335 7.0744
0.435 7.07702
0.4365 7.07947
0.438 7.08175
0.4395 7.08385
0.441 7.08578
0.4425 7.08748
0.444 7.08917
0.4455 7.09068
0.447 7.09178
0.4485 7.09285
0.45 7.09374
0.4515 7.09445
0.453 7.095
0.4545 7.09536
0.456 7.09555
0.4575 7.09557
0.459 7.09541
0.4605 7.09507
0.462 7.09456
0.4635 7.09387
0.465 7.093
0.4665 7.09196
0.468 7.09074
0.4695 7.08934
0.471 7.08776
0.4725 7.08601
0.474 7.08418
0.4755 7.08202
0.477 7.07967
0.4785 7.07716
0.48 7.07447
0.4815 7.07162
0.483 7.06859
0.4845 7.06539
0.486 7.06203
0.4875 7.05849
0.489 7.05479
0.4905 7.05091
0.492 7.04686
0.4935 7.04264
0.495 7.03825
0.4965 7.03368
0.498 7.02876
0.4995 7.02378
0.501 7.01862
0.5025 7.01328
0.504 7.00776
0.5055 7.00206
0.507 6.99618
0.5085 6.99012
0.51 6.98389
0.5115 6.97748
0.513 6.97089
0.5145 6.96412
0.516 6.95717
0.5175 6.95004
0.519 6.94274
0.5205 6.93526
0.522 6.92761
0.5235 6.91989
0.525 6.9118
0.5265 6.90352
0.528 6.89522
0.5295 6.88669
0.531 6.87798
0.5325 6.86909
0.534 6.86003
0.5355 6.8508
0.537 6.84139
0.5385 6.83181
0.54 6.82206
0.5415 6.81213
0.543 6.80204
0.5445 6.79177
0.546 6.78133
0.5475 6.77072
0.549 6.75994
0.5505 6.74899
0.552 6.73788
0.5535 6.72659
0.555 6.71514
0.5565 6.70353
0.558 6.69174
0.5595 6.6798
0.561 6.66759
0.5625 6.6554
0.564 6.64304
0.5655 6.63037
0.567 6.61761
0.5685 6.60468
0.57 6.5916
0.5715 6.57836
0.573 6.56496
0.5745 6.5514
0.576 6.53769
0.5775 6.52382
0.579 6.5098
0.5805 6.49562
0.582 6.48129
0.5835 6.46681
0.585 6.45218
0.5865 6.43739
0.588 6.42246
0.5895 6.40738
0.591 6.39227
0.5925 6.37687
0.594 6.36132
0.5955 6.34564
0.597 6.32981
0.5985 6.31386
0.6 6.29777
0.6015 6.28155
0.603 6.26519
0.6045 6.24871
0.606 6.2321
0.6075 6.21535
0.609 6.19834
0.6105 6.18129
0.612 6.16412
0.6135 6.14682
0.615 6.12939
0.6165 6.11183
0.618 6.09414
0.6195 6.07634
0.621 6.0584
0.6225 6.04035
0.624 6.02217
0.6255 6.00388
0.627 5.98546
0.6285 5.96693
0.63 5.94829
0.6315 5.92953
0.633 5.91075
0.6345 5.8917
0.636 5.87254
0.6375 5.85338
0.639 5.83408
0.6405 5.81466
0.642 5.79515
0.6435 5.77553
0.645 5.75581
0.6465 5.73599
0.648 5.71607
0.6495 5.69606
0.651 5.67595
0.6525 5.65575
0.654 5.63545
0.6555 5.61507
0.657 5.5946
0.6585 5.57404
0.66 5.55339
0.6615 5.53266
0.663 5.51185
0.6645 5.49096
0.666 5.46999
0.6675 5.44894
0.669 5.42771
0.6705 5.40659
0.672 5.38538
0.6735 5.3641
0.675 5.34261
0.6765 5.32113
0.678 5.29959
0.6795 5.27798
0.681 5.25632
0.6825 5.23459
0.684 5.2128
0.6855 5.19096
0.687 5.16906
0.6885 5.14711
0.69 5.1251
0.6915 5.10305
0.693 5.08094
0.6945 5.05879
0.696 5.0366
0.6975 5.01436
0.699 4.99207
0.7005 4.96975
0.702 4.94739
0.7035 4.925
0.705 4.90256
0.7065 4.8801
0.708 4.8576
0.7095 4.83508
0.711 4.81252
0.7125 4.78994
0.714 4.76733
0.7155 4.74471
0.717 4.72206
0.7185 4.69939
0.72 4.6767
0.7215 4.654
0.723 4.63128
0.7245 4.60855
0.726 4.58581
0.7275 4.56306
0.729 4.5403
0.7305 4.51754
0.732 4.49478
0.7335 4.47207
0.735 4.44924
0.7365 4.42642
0.738 4.4037
0.7395 4.38094
0.741 4.35818
0.7425 4.33544
0.744 4.3127
0.7455 4.28997
0.747 4.26725
0.7485 4.24455
0.75 4.22186
0.7515 4.19919
0.753 4.17654
0.7545 4.15391
0.756 4.1313
0.7575 4.10871
0.759 4.08615
0.7605 4.06362
0.762 4.04111
0.7635 4.01864
0.765 3.99619
0.7665 3.97378
0.768 3.9514
0.7695 3.929
0.771 3.90674
0.7725 3.88453
0.774 3.86226
0.7755 3.84007
0.777 3.81793
0.7785 3.79584
0.78 3.77379
0.7815 3.75178
0.783 3.72983
0.7845 3.70792
0.786 3.68607
0.7875 3.66427
0.789 3.64252
0.7905 3.62083
0.792 3.5992
0.7935 3.57762
0.795 3.5561
0.7965 3.53465
0.798 3.51325
0.7995 3.49192
0.801 3.47065
0.8025 3.44945
0.804 3.42832
0.8055 3.40725
0.807 3.38625
0.8085 3.36532
0.81 3.34446
0.8115 3.32368
0.813 3.30297
0.8145 3.28233
0.816 3.26177
0.8175 3.24129
0.819 3.22088
0.8205 3.20056
0.822 3.18031
0.8235 3.16015
0.825 3.14012
0.8265 3.12007
0.828 3.10011
0.8295 3.08031
0.831 3.06057
0.8325 3.04091
0.834 3.02134
0.8355 3.00185
0.837 2.98246
0.8385 2.96316
0.84 2.94394
0.8415 2.92482
0.843 2.90579
0.8445 2.88686
0.846 2.86801
0.8475 2.84927
0.849 2.83062
0.8505 2.81206
0.852 2.7936
0.8535 2.77524
0.855 2.75698
0.8565 2.73881
0.858 2.72075
0.8595 2.70279
0.861 2.68488
0.8625 2.66716
0.864 2.64954
0.8655 2.63194
0.867 2.61449
0.8685 2.59714
0.87 2.57989
0.8715 2.56275
0.873 2.54571
0.8745 2.52878
0.876 2.51195
0.8775 2.49523
0.879 2.47861
0.8805 2.46211
0.882 2.44571
0.8835 2.42942
0.885 2.41323
0.8865 2.39716
0.888 2.38119
0.8895 2.36533
0.891 2.34958
0.8925 2.33394
0.894 2.31841
0.8955 2.30299
0.897 2.28768
0.8985 2.27248
0.9 2.25739
0.9015 2.24241
0.903 2.22754
0.9045 2.21278
0.906 2.19813
0.9075 2.1836
0.909 2.16917
0.9105 2.15489
0.912 2.14065
0.9135 2.12657
0.915 2.11259
0.9165 2.09872
0.918 2.08496
0.9195 2.07132
0.921 2.05778
0.9225 2.04436
0.924 2.03105
0.9255 2.01785
0.927 2.00476
0.9285 1.99178
0.93 1.97891
0.9315 1.96615
0.933 1.95351
0.9345 1.94097
0.936 1.92855
0.9375 1.91623
0.939 1.90402
0.9405 1.89193
0.942 1.87994
0.9435 1.86806
0.945 1.8563
0.9465 1.84462
0.948 1.83311
0.9495 1.82164
0.951 1.81031
0.9525 1.79908
0.954 1.78797
0.9555 1.77696
0.957 1.76605
0.9585 1.75525
0.96 1.74456
0.9615 1.73398
0.963 1.7235
0.9645 1.71312
0.966 1.70285
0.9675 1.69269
0.969 1.68263
0.9705 1.67267
0.972 1.66282
0.9735 1.65307
0.975 1.64342
0.9765 1.63387
0.978 1.62442
0.9795 1.61508
0.981 1.60584
0.9825 1.59669
0.984 1.58765
0.9855 1.57871
0.987 1.56986
0.9885 1.56112
0.99 1.55247
0.9915 1.54392
0.993 1.53546
0.9945 1.5271
0.996 1.51884
0.9975 1.51067
0.999 1.5026
1.0005 1.49462
1.002 1.48674
1.0035 1.47895
1.005 1.47125
1.0065 1.46364
1.008 1.45613
1.0095 1.4487
1.011 1.44137
1.0125 1.43412
1.014 1.42697
1.0155 1.4199
1.017 1.41292
1.0185 1.40603
1.02 1.39923
1.0215 1.39251
1.023 1.38588
1.0245 1.37933
1.026 1.37287
1.0275 1.36649
1.029 1.36019
1.0305 1.35398
1.032 1.34785
1.0335 1.3418
1.035 1.33583
1.0365 1.32994
1.038 1.32413
1.0395 1.3184
1.041 1.31275
1.0425 1.30718
1.044 1.30168
1.0455 1.29626
1.047 1.29091
1.0485 1.28564
1.05 1.28045
1.0515 1.27533
1.053 1.27028
1.0545 1.2653
1.056 1.2604
1.0575 1.25557
1.059 1.25081
1.0605 1.24612
1.062 1.24149
1.0635 1.23694
1.065 1.23246
1.0665 1.22804
1.068 1.22369
1.0695 1.21941
1.071 1.21519
1.0725 1.21104
1.074 1.20695
1.0755 1.20292
1.077 1.19896
1.0785 1.19506
1.08 1.19123
1.0815 1.18745
1.083 1.18374
1.0845 1.18008
1.086 1.17649
1.0875 1.17295
1.089 1.16947
1.0905 1.16605
1.092 1.16269
1.0935 1.15938
1.095 1.15613
1.0965 1.15293
1.098 1.14979
1.0995 1.1467
1.101 1.14367
1.1025 1.14069
1.104 1.13776
1.1055 1.13488
1.107 1.13206
1.1085 1.12928
1.11 1.12656
1.1115 1.12388
1.113 1.12125
1.1145 1.11868
1.116 1.11614
1.1175 1.11366
1.119 1.11122
1.1205 1.10883
1.122 1.10649
1.1235 1.10418
1.125 1.10193
1.1265 1.09971
1.128 1.09755
1.1295 1.09542
1.131 1.09334
1.1325 1.09129
1.134 1.08929
1.1355 1.08733
1.137 1.08541
1.1385 1.08353
1.14 1.08168
1.1415 1.07988
1.143 1.07811
1.1445 1.07639
1.146 1.0747
1.1475 1.07304
1.149 1.07142
1.1505 1.06984
1.152 1.06829
1.1535 1.06678
1.155 1.0653
1.1565 1.06386
1.158 1.06245
1.1595 1.06107
1.161 1.05972
1.1625 1.0584
1.164 1.05712
1.1655 1.05587
1.167 1.05465
1.1685 1.05346
1.17 1.0523
1.1715 1.05117
1.173 1.05006
1.1745 1.04899
1.176 1.04794
1.1775 1.04692
1.179 1.04593
1.1805 1.04497
1.182 1.04403
1.1835 1.04312
1.185 1.04223
1.1865 1.04137
1.188 1.04053
1.1895 1.03972
1.191 1.03893
1.1925 1.03817
1.194 1.03743
1.1955 1.03673
1.197 1.03602
1.1985 1.03535
1.2 1.0347
1.2015 1.03407
1.203 1.03346
1.2045 1.03287
1.206 1.03231
1.2075 1.03176
1.209 1.03123
1.2105 1.03073
1.212 1.03024
1.2135 1.02977
1.215 1.02932
1.2165 1.02889
1.218 1.02848
1.2195 1.02809
1.221 1.02771
1.2225 1.02735
1.224 1.02699
1.2255 1.02669
1.227 1.02637
1.2285 1.02607
1.23 1.02579
1.2315 1.02553
1.233 1.02528
1.2345 1.02505
1.236 1.02483
1.2375 1.02463
1.239 1.02444
1.2405 1.02426
1.242 1.0241
1.2435 1.02395
1.245 1.02382
1.2465 1.02369
1.248 1.02358
1.2495 1.02349
1.251 1.0234
1.2525 1.02333
1.254 1.02327
1.2555 1.0232
1.257 1.02318
1.2585 1.02315
1.26 1.02314
1.2615 1.02313
1.263 1.02313
1.2645 1.02315
1.266 1.02317
1.2675 1.0232
1.269 1.02324
1.2705 1.02328
1.272 1.02334
1.2735 1.02339
1.275 1.02345
1.2765 1.02351
1.278 1.02357
1.2795 1.02363
1.281 1.02367
1.2825 1.02371
1.284 1.02373
1.2855 1.02372
1.287 1.02367
1.2885 1.02359
1.29 1.02344
1.2915 1.02323
1.293 1.02293
1.2945 1.02252
1.296 1.02199
1.2975 1.02129
1.299 1.02041
1.3005 1.01931
1.302 1.01794
1.3035 1.01626
1.305 1.01423
1.3065 1.01179
1.308 1.00888
1.3095 1.00545
1.311 1.00139
1.3125 0.996692
1.314 0.991235
1.3155 0.984957
1.317 0.977779
1.3185 0.969624
1.32 0.960416
1.3215 0.950082
1.323 0.938553
1.3245 0.925768
1.326 0.911673
1.3275 0.896225
1.329 0.879393
1.3305 0.861157
1.332 0.841516
1.3335 0.820482
1.335 0.798073
1.3365 0.774376
1.338 0.749408
1.3395 0.723278
1.341 0.696082
1.3425 0.667937
1.344 0.638974
1.3455 0.609337
1.347 0.579183
1.3485 0.548674
1.35 0.517981
1.3515 0.487276
1.353 0.456732
1.3545 0.426518
1.356 0.3968
1.3575 0.367733
1.359 0.339462
1.3605 0.312121
1.362 0.28582
1.3635 0.260677
1.365 0.236762
1.3665 0.214146
1.368 0.192891
1.3695 0.172991
1.371 0.154497
1.3725 0.137396
1.374 0.121669
1.3755 0.107288
1.377 0.0942096
1.3785 0.0823823
1.38 0.0717454
1.3815 0.0622318
1.383 0.0537696
1.3845 0.0462839
1.386 0.0396978
1.3875 0.0339351
1.389 0.0289196
1.3905 0.0245777
1.392 0.0208389
1.3935 0.0176361
1.395 0.0149065
1.3965 0.0125919
1.398 0.0106387
1.3995 0.00899841
1.401 0.00762701
1.4025 0.00648538
1.404 0.00553878
1.4055 0.00475673
1.407 0.00411264
1.4085 0.00358353
1.41 0.00314969
1.4115 0.00279432
1.413 0.00250322
1.4145 0.00226451
1.416 0.00206815
1.4175 0.00190611
1.419 0.00177151
1.4205 0.00165888
1.422 0.00156374
1.4235 0.00148251
1.425 0.0014123
1.4265 0.00135082
1.428 0.00129626
1.4295 0.0012472
1.431 0.00120253
1.4325 0.00116138
1.434 0.00112308
1.4355 0.00108712
1.437 0.0010531
1.4385 0.00102071
1.44 0.000989728
1.4415 0.000959957
1.443 0.000931295
1.4445 0.000903617
1.446 0.000876841
1.4475 0.000850904
1.449 0.000825753
1.4505 0.000801348
1.452 0.000777653
1.4535 0.000754641
1.455 0.000732286
1.4565 0.000710566
1.458 0.000689449
1.4595 0.000668942
1.461 0.000649013
1.4625 0.000629645
1.464 0.000610817
1.4655 0.000592529
1.467 0.000574759
1.4685 0.000557491
1.47 0.000540713
1.4715 0.000524411
1.473 0.000508574
1.4745 0.000493188
1.476 0.000478242
1.4775 0.000463725
1.479 0.000449624
1.4805 0.000435928
1.482 0.000422626
1.4835 0.000409709
1.485 0.000397165
1.4865 0.000384984
1.488 0.000373157
1.4895 0.000361674
1.491 0.000350526
1.4925 0.000339703
1.494 0.000329196
1.4955 0.000318997
1.497 0.000309098
1.4985 0.000299489
